1	麻辣小龙虾	68	21
2	干锅五花肉	47	17
3	干锅土豆片	26	25
4	干煸四季豆	15	22
5	干锅鱿鱼花	49	21
6	卤味猪大肠	29	13
7	小炒花生米	10	10
8	宫保鸡丁	19	25
9	鱼香肉丝	22	15
10	水煮肉片	28	24
11	苦瓜肉片	20	24
12	青椒肉丝	20	11
13	甜椒肉丝	24	19
14	家常豆腐	18	27
15	湘西小炒肉	25	13
16	农家老腊肉	29	14
17	风味辣子鸡	38	23
18	香辣巴骨肉	39	21
19	山城毛血旺	49	22
20	新疆大盘鸡	39	18
21	酸辣土豆丝	10	27
22	泰汁茄饼	18	30
23	烂肉粉丝	13	23
24	糖醋里脊	29	21
25	番茄炒蛋	12	28
26	泡椒鸡杂	22	27
27	香菇肉片	22	14
28	肉i豌豆	12	25
29	番茄煎蛋汤	12	29
30	黄瓜皮蛋汤	12	11
31	紫菜蛋花汤	12	20
32	豆腐时蔬汤	9	12
33	酸菜粉丝汤	10	11
34	莲藕排骨汤	21	25
35	玉米排骨汤	20	18
36	小吊梨汤	15	30
37	三鲜鸡汤	18	16
38	老母鸡汤	21	13
39	菌菇鸡汤	23	10
40	金汤肥牛	20	24
41	白萝卜汤	11	25
42	大骨清汤	22	16
43	大瓶雪碧	8	20
44	大瓶可乐	8	22
45	大瓶橙汁	10	11
46	大瓶椰汁	10	19
47	雪碧	3	14
48	可乐	3	22
49	雪花	7	14
50	三锅头	15	30
51	加多宝	3	28
52	王老吉	3	11
53	酸梅汤	3	18
54	大唯怡	10	23
55	美年达	2	18
56	冰红茶	4	17
